201.894  0.000195  2099.95  2301.84 
197.903  0.000213  2096.73  2294.63 
199.699  0.000176  2097.18  2296.88 
197.537  0.000189  2099.89  2297.43 
195.859  0.000201  2098.02  2293.88 
198.72  0.000214  2089.5  2288.22 
209.914  0.000204  2095.28  2305.2 
210.259  0.000211  2089.61  2299.87 
209.601  0.000268  2115.41  2325.02 
208.948  0.000187  2119.32  2328.27 
206.24  90.0996  2090.89  2387.23 
201.491  89.8713  2075.41  2366.78 
204.111  89.3073  2087.17  2380.59 
204.091  90.4447  2081.85  2376.38 
200.281  89.5566  2080.61  2370.45 
203.656  89.7659  2075.15  2368.57 
